FID;ID;Type;Diameter;Material;LENGTH_GEO;START_X;START_Y;MID_X;MID_Y;END_X;END_Y;INSIDE_X;INSIDE_Y
0;1;Tertiary;Φ80;UPVC Pipe;2,254261640280000;25,132336907599999;35,333133560699999;25,132333435500001;35,333123808000003;25,132329963400000;35,333114055400003;25,132333435500001;35,333123808000003
1;2;Tertiary;Φ80;UPVC Pipe;5,300098316300000;25,132329963400000;35,333114055400003;25,132320020500000;35,333091602200000;25,132310077600000;35,333069149099998;25,132320020500000;35,333091602200000
2;3;Tertiary;Φ80;UPVC Pipe;17,901134625299999;25,132310077600000;35,333069149099998;25,132214869900000;35,333048621800003;25,132119662099999;35,333028094600003;25,132214869900000;35,333048621800003
3;4;Tertiary;Φ80;UPVC Pipe;9,295176151280000;25,132119662099999;35,333028094600003;25,132072659599999;35,333011624999997;25,132025657000000;35,332995155399999;25,132072659599999;35,333011624999997
4;5;Tertiary;Φ80;UPVC Pipe;11,798472977499999;25,132025657000000;35,332995155399999;25,131970244400001;35,332967491500000;25,131914831800000;35,332939827499999;25,131970244400001;35,332967491500000
5;6;Tertiary;Φ80;UPVC Pipe;18,516166889699999;25,131914831800000;35,332939827499999;25,131834330400000;35,332888724699998;25,131753829000001;35,332837622000000;25,131834330400000;35,332888724699998
6;7;Tertiary;Φ80;UPVC Pipe;12,856632433400000;25,131753829000001;35,332837622000000;25,131696946900000;35,332803207799998;25,131640064700001;35,332768793500001;25,131696946900000;35,332803207799998
7;8;Tertiary;Φ80;UPVC Pipe;7,214770047990000;25,131640064700001;35,332768793500001;25,131606801600000;35,332751067899999;25,131573538400001;35,332733342200001;25,131606801600000;35,332751067899999
8;9;Tertiary;Φ80;UPVC Pipe;6,936238343340000;25,131573538400001;35,332733342200001;25,131538962699999;35,332720138100001;25,131504387000000;35,332706934000001;25,131538962699999;35,332720138100001
9;10;Tertiary;Φ80;UPVC Pipe;6,187804113670000;25,131504387000000;35,332706934000001;25,131471281000000;35,332700479899998;25,131438175000000;35,332694025899997;25,131471281000000;35,332700479899998
10;11;Tertiary;Φ80;UPVC Pipe;7,384990411000000;25,131438175000000;35,332694025899997;25,131397755700000;35,332690772500001;25,131357336299999;35,332687519099998;25,131397755700000;35,332690772500001
11;12;Main;Φ175;Asbestos Cement pipe;8,986540586080000;25,132336907599999;35,333133560699999;25,132288442099998;35,333125631999998;25,132239976600001;35,333117703299997;25,132288442099998;35,333125631999998
12;13;Main;Φ175;Asbestos Cement pipe;12,427180975400001;25,132239976600001;35,333117703299997;25,132172129099999;35,333124440100001;25,132104281499998;35,333131176999999;25,132172129099999;35,333124440100001
13;14;Main;Φ175;Asbestos Cement pipe;6,212993686810000;25,132104281499998;35,333131176999999;25,132070690199999;35,333136302100002;25,132037098800001;35,333141427299999;25,132070690199999;35,333136302100002
14;15;Main;Φ175;Asbestos Cement pipe;5,835366318240000;25,132494534900001;35,333181359199997;25,132464342500000;35,333172446100001;25,132434150100000;35,333163532900002;25,132464342500000;35,333172446100001
15;16;Main;Φ175;Asbestos Cement pipe;9,445647319060001;25,132434150100000;35,333163532900002;25,132385528800000;35,333148546799997;25,132336907599999;35,333133560699999;25,132385528800000;35,333148546799997
16;17;Secondary;Φ90;Asbestos Cement pipe;5,824607599500000;25,132037098800001;35,333141427299999;25,132041487900000;35,333167429299998;25,132045876999999;35,333193431300003;25,132041487900000;35,333167429299998
17;18;Main;Φ175;Asbestos Cement pipe;7,795277266130000;25,132037098800001;35,333141427299999;25,131994952599999;35,333147857800000;25,131952806499999;35,333154288199999;25,131994952599999;35,333147857800000
18;19;Main;Φ175;Asbestos Cement pipe;27,324793176099998;25,131952806499999;35,333154288199999;25,131805071300001;35,333176828500001;25,131657336200000;35,333199368800003;25,131805071300001;35,333176828500001
19;20;Main;Φ175;Asbestos Cement pipe;13,329819264399999;25,132481726799998;35,333234416600000;25,132412682300000;35,333214228599999;25,132343637799998;35,333194040599999;25,132412682300000;35,333214228599999
20;21;Main;Φ175;Asbestos Cement pipe;6,491288040470000;25,132343637799998;35,333194040599999;25,132308993799999;35,333186980800001;25,132274349799999;35,333179921000003;25,132308993799999;35,333186980800001
21;22;Main;Φ175;Asbestos Cement pipe;8,324065674600000;25,132274349799999;35,333179921000003;25,132228596800001;35,333178666300000;25,132182843900001;35,333177411599998;25,132228596800001;35,333178666300000
22;23;Main;Φ175;Asbestos Cement pipe;12,578754222800001;25,132182843900001;35,333177411599998;25,132114360500001;35,333185421499998;25,132045876999999;35,333193431300003;25,132114360500001;35,333185421499998
23;24;Tertiary;Φ80;UPVC Pipe;6,000622302560000;25,132494534900001;35,333181359199997;25,132488130900001;35,333207887900002;25,132481726799998;35,333234416600000;25,132488130900001;35,333207887900002
24;25;Secondary;Φ50;Ductile iron pipe;5,960787221890000;25,131664821699999;35,333252744100001;25,131661079000001;35,333226056400001;25,131657336200000;35,333199368800003;25,131661079000001;35,333226056400001
25;26;Main;Φ175;Asbestos Cement pipe;35,263675807399999;25,132045876999999;35,333193431300003;25,131855349399999;35,333223087699999;25,131664821699999;35,333252744100001;25,131855349399999;35,333223087699999
26;27;Main;Φ175;Asbestos Cement pipe;13,288732402500001;25,131657336200000;35,333199368800003;25,131585488900001;35,333210330599996;25,131513641500000;35,333221292399998;25,131585488900001;35,333210330599996
27;28;Main;Φ175;Asbestos Cement pipe;15,806431091400000;25,131513641500000;35,333221292399998;25,131428181800000;35,333234330899998;25,131342722100001;35,333247369399999;25,131428181800000;35,333234330899998
28;29;Main;Φ175;Asbestos Cement pipe;5,567000911780000;25,131342722100001;35,333247369399999;25,131320627200001;35,333264736399997;25,131298532199999;35,333282103499997;25,131320627200001;35,333264736399997
29;30;Main;Φ175;Asbestos Cement pipe;28,575020576499998;25,131664821699999;35,333252744100001;25,131509679600001;35,333273263099997;25,131354537400000;35,333293782200002;25,131509679600001;35,333273263099997
30;31;Main;Φ175;Asbestos Cement pipe;5,254071928070000;25,131354537400000;35,333293782200002;25,131326534799999;35,333287942799998;25,131298532199999;35,333282103499997;25,131326534799999;35,333287942799998
31;32;Tertiary;Φ80;UPVC Pipe;6,284843762760000;25,132481726799998;35,333234416600000;25,132474671899999;35,333262144099997;25,132467617000000;35,333289871500000;25,132474671899999;35,333262144099997
32;33;Main;Φ200;Asbestos Cement pipe;11,189120650200000;25,131298532199999;35,333282103499997;25,131237759499999;35,333290016600003;25,131176986700002;35,333297929799997;25,131237759499999;35,333290016600003
33;34;Main;Φ200;Asbestos Cement pipe;41,011870767700003;25,131176986700002;35,333297929799997;25,130956951200002;35,333338539700001;25,130736915699998;35,333379149700001;25,130956951200002;35,333338539700001
34;35;Secondary;Φ90;Asbestos Cement pipe;21,342665875300000;25,131682963399999;35,333391633300003;25,131566480699998;35,333379793600002;25,131449998099999;35,333367953900002;25,131566480699998;35,333379793600002
35;36;Secondary;Φ90;Asbestos Cement pipe;8,702565870140001;25,131449998099999;35,333367953900002;25,131408195500001;35,333348855899999;25,131366392899999;35,333329757999998;25,131408195500001;35,333348855899999
36;37;Secondary;Φ90;Asbestos Cement pipe;8,125156126149999;25,131366392899999;35,333329757999998;25,131332462600000;35,333305930700000;25,131298532199999;35,333282103499997;25,131332462600000;35,333305930700000
37;38;Secondary;Φ50;Ductile iron pipe;15,497325118299999;25,131682963399999;35,333391633300003;25,131673892500000;35,333322188700002;25,131664821699999;35,333252744100001;25,131673892500000;35,333322188700002
38;39;Secondary;Φ90;Asbestos Cement pipe;24,111936798500000;25,131947811700002;35,333402980999999;25,131815387500001;35,333397307100000;25,131682963399999;35,333391633300003;25,131815387500001;35,333397307100000
39;40;Secondary;Φ90;Asbestos Cement pipe;4,710480570350000;25,132045876999999;35,333193431300003;25,132043860200000;35,333214595500003;25,132041843400000;35,333235759600001;25,132043860200000;35,333214595500003
40;41;Secondary;Φ90;Asbestos Cement pipe;20,427597444000000;25,132041843400000;35,333235759600001;25,131994827600000;35,333319370300003;25,131947811700002;35,333402980999999;25,131994827600000;35,333319370300003
41;42;Main;Φ175;Asbestos Cement pipe;36,645733839499997;25,133088486199998;35,333538263800001;25,132940163600001;35,333426453400001;25,132791841000000;35,333314643100003;25,132940163600001;35,333426453400001
42;43;Main;Φ175;Asbestos Cement pipe;17,345276266599999;25,132791841000000;35,333314643100003;25,132714878600002;35,333268459499998;25,132637916200000;35,333222275899999;25,132714878600002;35,333268459499998
43;44;Main;Φ175;Asbestos Cement pipe;13,803550133000000;25,132637916200000;35,333222275899999;25,132566225600002;35,333201817499997;25,132494534900001;35,333181359199997;25,132566225600002;35,333201817499997
44;45;Main;Φ175;Asbestos Cement pipe;8,881547246129999;25,133042772900001;35,333575967400002;25,133007165399999;35,333548568700003;25,132971557800001;35,333521170099999;25,133007165399999;35,333548568700003
45;46;Main;Φ175;Asbestos Cement pipe;27,069205678100001;25,132971557800001;35,333521170099999;25,132860599200001;35,333439840600001;25,132749640499998;35,333358511199997;25,132860599200001;35,333439840600001
46;47;Main;Φ175;Asbestos Cement pipe;8,307414459309999;25,132749640499998;35,333358511199997;25,132711199199999;35,333338279000003;25,132672757900000;35,333318046899997;25,132711199199999;35,333338279000003
47;48;Main;Φ175;Asbestos Cement pipe;19,690951517500000;25,132672757900000;35,333318046899997;25,132577242299998;35,333276231799999;25,132481726799998;35,333234416600000;25,132577242299998;35,333276231799999
48;49;Tertiary;Φ125;UPVC Pipe;5,896714357640000;25,133042772900001;35,333575967400002;25,133065629499999;35,333557115600001;25,133088486199998;35,333538263800001;25,133065629499999;35,333557115600001
49;50;Tertiary;Φ75;UPVC Pipe;11,293180346500000;25,130650719199998;35,333631217600001;25,130670252500000;35,333582905599997;25,130689785900000;35,333534593600000;25,130670252500000;35,333582905599997
50;51;Tertiary;Φ75;UPVC Pipe;17,770323132100000;25,130689785900000;35,333534593600000;25,130713350800001;35,333456871599999;25,130736915699998;35,333379149700001;25,130713350800001;35,333456871599999
51;52;Main;Φ200;Asbestos Cement pipe;30,411172912200001;25,130736915699998;35,333379149700001;25,130574353499998;35,333411364500002;25,130411791299998;35,333443579300003;25,130574353499998;35,333411364500002
52;53;Main;Φ200;Asbestos Cement pipe;96,716651303999996;25,130411791299998;35,333443579300003;25,129894868600001;35,333546285300002;25,129377945900000;35,333648991200000;25,129894868600001;35,333546285300002
53;54;Tertiary;Φ80;UPVC Pipe;45,642423296799997;25,132467617000000;35,333289871500000;25,132423685100001;35,333492391900002;25,132379753100000;35,333694912299997;25,132423685100001;35,333492391900002
54;55;Secondary;Φ90;Asbestos Cement pipe;16,128377661300000;25,132053284300000;35,333702940199998;25,132028296100000;35,333633198900003;25,132003307900000;35,333563457600000;25,132028296100000;35,333633198900003
55;56;Secondary;Φ90;Asbestos Cement pipe;18,505466581499999;25,132003307900000;35,333563457600000;25,131975559800001;35,333483219300000;25,131947811700002;35,333402980999999;25,131975559800001;35,333483219300000
56;57;Tertiary;Φ80;UPVC Pipe;21,005600239500001;25,132878642800002;35,333699611599997;25,132801576799999;35,333629090000002;25,132724510799999;35,333558568299999;25,132801576799999;35,333629090000002
57;58;Tertiary;Φ125;UPVC Pipe;20,269412580299999;25,132878642800002;35,333699611599997;25,132960707900001;35,333637789500003;25,133042772900001;35,333575967400002;25,132960707900001;35,333637789500003
58;59;Tertiary;Φ80;UPVC Pipe;6,036541572550000;25,132379753100000;35,333694912299997;25,132347256500001;35,333700476600001;25,132314759900002;35,333706040999999;25,132347256500001;35,333700476600001
59;60;Tertiary;Φ80;UPVC Pipe;23,774802522400002;25,132314759900002;35,333706040999999;25,132184022099999;35,333704490599999;25,132053284300000;35,333702940199998;25,132184022099999;35,333704490599999
60;61;Tertiary;Φ80;UPVC Pipe;9,246044572720001;25,131613737599999;35,333769162999999;25,131562888200001;35,333769130199997;25,131512038800000;35,333769097500003;25,131562888200001;35,333769130199997
61;62;Tertiary;Φ80;UPVC Pipe;31,168189269399999;25,131512038800000;35,333769097500003;25,131340626699998;35,333768986899997;25,131169214600000;35,333768876299999;25,131340626699998;35,333768986899997
62;63;Secondary;Φ50;Ductile iron pipe;38,206878833899999;25,131613737599999;35,333769162999999;25,131660206900001;35,333601240699998;25,131706676200000;35,333433318499999;25,131660206900001;35,333601240699998
63;64;Secondary;Φ50;Ductile iron pipe;5,102638422030000;25,131706676200000;35,333433318499999;25,131694819800000;35,333412475899998;25,131682963399999;35,333391633300003;25,131694819800000;35,333412475899998
64;65;Tertiary;Φ80;UPVC Pipe;5,198533000180000;25,132717903100001;35,333802540999997;25,132697858200000;35,333785835800001;25,132677813200001;35,333769130599997;25,132697858200000;35,333785835800001
65;66;Tertiary;Φ80;UPVC Pipe;5,229166722880000;25,132677813200001;35,333769130599997;25,132657542000000;35,333752414599999;25,132637270899998;35,333735698600002;25,132657542000000;35,333752414599999
66;67;Tertiary;Φ80;UPVC Pipe;16,001323896700001;25,132637270899998;35,333735698600002;25,132551170399999;35,333720794199998;25,132465069799999;35,333705889900003;25,132551170399999;35,333720794199998
67;68;Tertiary;Φ80;UPVC Pipe;7,851690311450000;25,132465069799999;35,333705889900003;25,132422411499999;35,333700401100003;25,132379753100000;35,333694912299997;25,132422411499999;35,333700401100003
68;69;Tertiary;Φ125;UPVC Pipe;18,546489535900001;25,132717903100001;35,333802540999997;25,132798272999999;35,333751076299997;25,132878642800002;35,333699611599997;25,132798272999999;35,333751076299997
69;70;Tertiary;Φ75;UPVC Pipe;30,691926221500001;25,130152781900001;35,333985664399997;25,130299543600000;35,333917338600003;25,130446305300001;35,333849012800002;25,130299543600000;35,333917338600003
70;71;Tertiary;Φ75;UPVC Pipe;17,820047700000000;25,130446305300001;35,333849012800002;25,130507779900000;35,333786468299998;25,130569254600001;35,333723923699999;25,130507779900000;35,333786468299998
71;72;Tertiary;Φ75;UPVC Pipe;12,674600667000000;25,130569254600001;35,333723923699999;25,130609986900001;35,333677570600003;25,130650719199998;35,333631217600001;25,130609986900001;35,333677570600003
72;73;Secondary;Φ50;Ductile iron pipe;19,598611729900000;25,131678644200001;35,334006229700002;25,131642940399999;35,333922891800000;25,131607236600001;35,333839553899999;25,131642940399999;35,333922891800000
73;74;Secondary;Φ50;Ductile iron pipe;7,831981103870000;25,131607236600001;35,333839553899999;25,131610487100001;35,333804358400002;25,131613737599999;35,333769162999999;25,131610487100001;35,333804358400002
74;75;Secondary;Φ100;UPVC Pipe;39,263182466000004;25,131678644200001;35,334006229700002;25,131463278399998;35,334019034000001;25,131247912599999;35,334031838300000;25,131463278399998;35,334019034000001
75;76;Tertiary;Φ80;UPVC Pipe;25,898439469500001;25,130665631799999;35,334060539399999;25,130664343799999;35,333943828499997;25,130663055799999;35,333827117600002;25,130664343799999;35,333943828499997
76;77;Tertiary;Φ80;UPVC Pipe;21,763385361600001;25,130663055799999;35,333827117600002;25,130656887499999;35,333729167599998;25,130650719199998;35,333631217600001;25,130656887499999;35,333729167599998
77;78;Secondary;Φ100;UPVC Pipe;11,932195391900001;25,131247912599999;35,334031838300000;25,131182581200001;35,334036896500002;25,131117249799999;35,334041954699998;25,131182581200001;35,334036896500002
78;79;Secondary;Φ100;UPVC Pipe;41,110871735000003;25,131117249799999;35,334041954699998;25,130891440799999;35,334051247100000;25,130665631799999;35,334060539399999;25,130891440799999;35,334051247100000
79;80;Tertiary;Φ125;UPVC Pipe;7,143375797400000;25,132502983399998;35,334136460400003;25,132507289900001;35,334104461599999;25,132511596400001;35,334072462700000;25,132507289900001;35,334104461599999
80;81;Tertiary;Φ125;UPVC Pipe;8,655235146390000;25,132511596400001;35,334072462700000;25,132513353299998;35,334033482999999;25,132515110200000;35,333994503400000;25,132513353299998;35,334033482999999
81;82;Tertiary;Φ125;UPVC Pipe;4,129328921070000;25,132515110200000;35,333994503400000;25,132519456699999;35,333976237900004;25,132523803300000;35,333957972400000;25,132519456699999;35,333976237900004
82;83;Tertiary;Φ125;UPVC Pipe;7,317481480120000;25,132523803300000;35,333957972400000;25,132544112400002;35,333929502300002;25,132564421500000;35,333901032299998;25,132544112400002;35,333929502300002
83;84;Tertiary;Φ125;UPVC Pipe;17,723350338400000;25,132564421500000;35,333901032299998;25,132641162300001;35,333851786600000;25,132717903100001;35,333802540999997;25,132641162300001;35,333851786600000
84;85;Secondary;Φ100;UPVC Pipe;17,503892731699999;25,130627018900000;35,334215102400002;25,130646325299999;35,334137820899997;25,130665631799999;35,334060539399999;25,130646325299999;35,334137820899997
85;86;Secondary;Φ90;Asbestos Cement pipe;34,616701436200003;25,132102478800000;35,334219585600003;25,132086593400000;35,334064123600001;25,132070708000001;35,333908661700001;25,132086593400000;35,334064123600001
86;87;Secondary;Φ90;Asbestos Cement pipe;22,879022490499999;25,132070708000001;35,333908661700001;25,132061996200001;35,333805800999997;25,132053284300000;35,333702940199998;25,132061996200001;35,333805800999997
87;88;Main;Φ175;Asbestos Cement pipe;5,189104947730000;25,133724949000001;35,334208649300002;25,133701877899998;35,334194884799999;25,133678806799999;35,334181120399997;25,133701877899998;35,334194884799999
88;89;Main;Φ175;Asbestos Cement pipe;52,067268449099998;25,133678806799999;35,334181120399997;25,133494889400001;35,334001268900003;25,133310971899999;35,333821417499998;25,133494889400001;35,334001268900003
89;90;Main;Φ175;Asbestos Cement pipe;26,045370590600001;25,133310971899999;35,333821417499998;25,133216584800000;35,333733127499997;25,133122197599999;35,333644837400001;25,133216584800000;35,333733127499997
90;91;Main;Φ175;Asbestos Cement pipe;10,513131353900000;25,133122197599999;35,333644837400001;25,133082485300001;35,333610402399998;25,133042772900001;35,333575967400002;25,133082485300001;35,333610402399998
91;92;Main;Φ175;Asbestos Cement pipe;6,163558273390000;25,133724949000001;35,334208649300002;25,133722159300000;35,334180966399998;25,133719369600001;35,334153283500001;25,133722159300000;35,334180966399998
92;93;Main;Φ175;Asbestos Cement pipe;26,983376007600000;25,133719369600001;35,334153283500001;25,133625909599999;35,334058825200003;25,133532449600001;35,333964366799997;25,133625909599999;35,334058825200003
93;94;Main;Φ175;Asbestos Cement pipe;35,149365434200000;25,133532449600001;35,333964366799997;25,133409747799998;35,333841963399998;25,133287046000000;35,333719559899997;25,133409747799998;35,333841963399998
94;95;Main;Φ175;Asbestos Cement pipe;7,888821771330000;25,133287046000000;35,333719559899997;25,133259670299999;35,333691978799997;25,133232294599999;35,333664397699998;25,133259670299999;35,333691978799997
95;96;Main;Φ175;Asbestos Cement pipe;19,151471525300000;25,133232294599999;35,333664397699998;25,133160390400000;35,333601330699999;25,133088486199998;35,333538263800001;25,133160390400000;35,333601330699999
96;97;Tertiary;Φ80;UPVC Pipe;29,625330997900001;25,130627018900000;35,334215102400002;25,130784455800001;35,334249472200000;25,130941892700001;35,334283841999998;25,130784455800001;35,334249472200000
97;98;Tertiary;Φ80;UPVC Pipe;19,727183231400002;25,130941892700001;35,334283841999998;25,131049430299999;35,334295608200001;25,131156967999999;35,334307374399998;25,131049430299999;35,334295608200001
98;99;Tertiary;Φ80;UPVC Pipe;31,668256531800001;25,131156967999999;35,334307374399998;25,131202440300001;35,334169606400003;25,131247912599999;35,334031838300000;25,131202440300001;35,334169606400003
99;100;Secondary;Φ90;Asbestos Cement pipe;12,412357483199999;25,132049493800000;35,334322693499999;25,132075986299999;35,334271139499997;25,132102478800000;35,334219585600003;25,132075986299999;35,334271139499997
100;101;Tertiary;Φ80;UPVC Pipe;20,935379701700001;25,132737746099998;35,334319029500001;25,132717658699999;35,334226127699999;25,132697571300000;35,334133225800002;25,132717658699999;35,334226127699999
101;102;Tertiary;Φ80;UPVC Pipe;17,694699343200000;25,132697571300000;35,334133225800002;25,132600277400002;35,334134843100003;25,132502983399998;35,334136460400003;25,132600277400002;35,334134843100003
102;103;Secondary;Φ50;Ductile iron pipe;22,808383575000001;25,131733895400000;35,334329782300003;25,131726931199999;35,334227151100002;25,131719966999999;35,334124519800000;25,131726931199999;35,334227151100002
103;104;Secondary;Φ50;Ductile iron pipe;13,651041912000000;25,131719966999999;35,334124519800000;25,131699305600002;35,334065374700003;25,131678644200001;35,334006229700002;25,131699305600002;35,334065374700003
104;105;Tertiary;Φ75;Ductile iron pipe;20,155012316299999;25,132049493800000;35,334322693499999;25,131938779100000;35,334327095299997;25,131828064299999;35,334331497100003;25,131938779100000;35,334327095299997
105;106;Tertiary;Φ75;Ductile iron pipe;8,563514071209999;25,131828064299999;35,334331497100003;25,131780979900000;35,334330639699999;25,131733895400000;35,334329782300003;25,131780979900000;35,334330639699999
106;107;Tertiary;Φ125;UPVC Pipe;21,765251256700001;25,132505099199999;35,334332630200002;25,132504041299999;35,334234545299999;25,132502983399998;35,334136460400003;25,132504041299999;35,334234545299999
107;108;Tertiary;Φ80;UPVC Pipe;21,204916569700000;25,132505099199999;35,334332630200002;25,132621422700002;35,334325829900003;25,132737746099998;35,334319029500001;25,132621422700002;35,334325829900003
108;109;Tertiary;Φ130;Asbestos Cement pipe;27,988629652800000;25,129897789600001;35,334387096400000;25,129753201000000;35,334343830900004;25,129608612500000;35,334300565299998;25,129753201000000;35,334343830900004
109;110;Tertiary;Φ130;Asbestos Cement pipe;4,439851124820000;25,129608612500000;35,334300565299998;25,129592044300001;35,334285867399998;25,129575475999999;35,334271169600001;25,129592044300001;35,334285867399998
110;111;Tertiary;Φ75;UPVC Pipe;3,707387981780000;25,129897789600001;35,334387096400000;25,129897890300001;35,334370388700002;25,129897991000000;35,334353680900001;25,129897890300001;35,334370388700002
111;112;Tertiary;Φ75;UPVC Pipe;36,149723720200001;25,129897991000000;35,334353680900001;25,129961652300000;35,334199344300004;25,130025313600001;35,334045007599997;25,129961652300000;35,334199344300004
112;113;Tertiary;Φ75;UPVC Pipe;13,328539869400000;25,130025313600001;35,334045007599997;25,130089047799999;35,334015336000000;25,130152781900001;35,333985664399997;25,130089047799999;35,334015336000000
113;114;Secondary;Φ100;UPVC Pipe;19,576521615200001;25,130564436099998;35,334383935200002;25,130595727500001;35,334299518800002;25,130627018900000;35,334215102400002;25,130595727500001;35,334299518800002
114;115;Tertiary;Φ130;Asbestos Cement pipe;13,366044376700000;25,130564436099998;35,334383935200002;25,130492746100000;35,334370620500003;25,130421056100001;35,334357305899999;25,130492746100000;35,334370620500003
115;116;Tertiary;Φ130;Asbestos Cement pipe;17,708413993499999;25,130421056100001;35,334357305899999;25,130324505099999;35,334346855400000;25,130227953999999;35,334336404900000;25,130324505099999;35,334346855400000
116;117;Tertiary;Φ130;Asbestos Cement pipe;11,262081359800000;25,130227953999999;35,334336404900000;25,130166245900000;35,334340766200000;25,130104537800001;35,334345127500001;25,130166245900000;35,334340766200000
117;118;Tertiary;Φ130;Asbestos Cement pipe;5,516152611480000;25,130104537800001;35,334345127500001;25,130076379900000;35,334354378699999;25,130048221999999;35,334363629899997;25,130076379900000;35,334354378699999
118;119;Tertiary;Φ130;Asbestos Cement pipe;8,869593647300000;25,130048221999999;35,334363629899997;25,130002820400001;35,334378245800004;25,129957418800000;35,334392861700003;25,130002820400001;35,334378245800004
119;120;Tertiary;Φ130;Asbestos Cement pipe;5,458809801450000;25,129957418800000;35,334392861700003;25,129927604199999;35,334389979100003;25,129897789600001;35,334387096400000;25,129927604199999;35,334389979100003
120;121;Main;Φ200;Asbestos Cement pipe;5,954093882090000;25,134014281399999;35,334381207699998;25,133983860600001;35,334371278100001;25,133953439900001;35,334361348400002;25,133983860600001;35,334371278100001
121;122;Main;Φ200;Asbestos Cement pipe;5,942581990450000;25,133953439900001;35,334361348400002;25,133925224700000;35,334347833400003;25,133897009500000;35,334334318300002;25,133925224700000;35,334347833400003
122;123;Main;Φ200;Asbestos Cement pipe;6,687831893980000;25,133897009500000;35,334334318300002;25,133868714199998;35,334315062400002;25,133840418799998;35,334295806500002;25,133868714199998;35,334315062400002
123;124;Main;Φ200;Asbestos Cement pipe;14,272792997800000;25,133840418799998;35,334295806500002;25,133782683900002;35,334252227900002;25,133724949000001;35,334208649300002;25,133782683900002;35,334252227900002
124;125;Main;Φ150;Ductile iron pipe;24,598309375500001;25,134727220199998;35,334379350600003;25,134782743999999;35,334278261599998;25,134838267799999;35,334177172600000;25,134782743999999;35,334278261599998
125;126;Main;Φ150;Ductile iron pipe;57,264391917399998;25,134838267799999;35,334177172600000;25,134999399200002;35,333955437500002;25,135160530600000;35,333733702400004;25,134999399200002;35,333955437500002
126;127;Main;Φ150;Ductile iron pipe;17,437841434399999;25,135160530600000;35,333733702400004;25,135245530500001;35,333697312699996;25,135330530299999;35,333660922999997;25,135245530500001;35,333697312699996
127;128;Tertiary;Φ80;UPVC Pipe;26,244269464700000;25,133429655600001;35,334450026200003;25,133318842900000;35,334374242599999;25,133208030100000;35,334298459000003;25,133318842900000;35,334374242599999
128;129;Tertiary;Φ80;UPVC Pipe;21,624049386700001;25,133208030100000;35,334298459000003;25,133109865500000;35,334243448000002;25,133011701000001;35,334188437000002;25,133109865500000;35,334243448000002
129;130;Tertiary;Φ80;UPVC Pipe;23,366078681099999;25,133011701000001;35,334188437000002;25,132946018100000;35,334097928900000;25,132880335199999;35,334007420699997;25,132946018100000;35,334097928900000
130;131;Tertiary;Φ80;UPVC Pipe;9,639323840490000;25,132880335199999;35,334007420699997;25,132855927300000;35,333968857800002;25,132831519400000;35,333930294900000;25,132855927300000;35,333968857800002
131;132;Secondary;Φ85;Ductile iron pipe;37,919804486799997;25,133429655600001;35,334450026200003;25,133577302300001;35,334329337699998;25,133724949000001;35,334208649300002;25,133577302300001;35,334329337699998
132;133;Main;Φ200;Asbestos Cement pipe;32,859185363400002;25,134357482599999;35,334474070500001;25,134185882000001;35,334427639099999;25,134014281399999;35,334381207699998;25,134185882000001;35,334427639099999
133;134;Main;Φ150;Ductile iron pipe;8,318676915990000;25,134727220199998;35,334379350600003;25,134692528799999;35,334403790800003;25,134657837399999;35,334428230900002;25,134692528799999;35,334403790800003
134;135;Main;Φ150;Ductile iron pipe;5,427047401540000;25,134657837399999;35,334428230900002;25,134630900700000;35,334438764600002;25,134603963899998;35,334449298300001;25,134630900700000;35,334438764600002
135;136;Main;Φ150;Ductile iron pipe;6,720004783330000;25,134603963899998;35,334449298300001;25,134568090199998;35,334456578800001;25,134532216499998;35,334463859300001;25,134568090199998;35,334456578800001
136;137;Main;Φ150;Ductile iron pipe;10,951850686000000;25,134532216499998;35,334463859300001;25,134472009200000;35,334465249899999;25,134411801999999;35,334466640599999;25,134472009200000;35,334465249899999
137;138;Main;Φ150;Ductile iron pipe;5,006775605160000;25,134411801999999;35,334466640599999;25,134384642299999;35,334470355500002;25,134357482599999;35,334474070500001;25,134384642299999;35,334470355500002
138;139;Secondary;Φ85;Ductile iron pipe;8,022935114730000;25,133367178299999;35,334501095699999;25,133398416999999;35,334475560999998;25,133429655600001;35,334450026200003;25,133398416999999;35,334475560999998
139;140;Main;Φ200;Asbestos Cement pipe;8,286721816140000;25,134442048899999;35,334501937600002;25,134399765800001;35,334488004100002;25,134357482599999;35,334474070500001;25,134399765800001;35,334488004100002
140;141;Tertiary;Φ130;Asbestos Cement pipe;38,543242894599999;25,131373616499999;35,334559354900001;25,131168275899999;35,334516241099998;25,130962935300001;35,334473127199999;25,131168275899999;35,334516241099998
141;142;Tertiary;Φ130;Asbestos Cement pipe;37,556739211800000;25,130962935300001;35,334473127199999;25,130763685700000;35,334428531199997;25,130564436099998;35,334383935200002;25,130763685700000;35,334428531199997
142;143;Tertiary;Φ75;Ductile iron pipe;30,038501444700000;25,131373616499999;35,334559354900001;25,131482910300001;35,334457841899997;25,131592204099999;35,334356329000002;25,131482910300001;35,334457841899997
143;144;Tertiary;Φ75;Ductile iron pipe;5,423740742950000;25,131592204099999;35,334356329000002;25,131613438100000;35,334339162299997;25,131634672099999;35,334321995700002;25,131613438100000;35,334339162299997
144;145;Tertiary;Φ75;Ductile iron pipe;9,062190564570001;25,131634672099999;35,334321995700002;25,131684283700000;35,334325888999999;25,131733895400000;35,334329782300003;25,131684283700000;35,334325888999999
145;146;Tertiary;Φ125;UPVC Pipe;30,093306997900001;25,132520408400001;35,334603581099998;25,132512753800000;35,334468105699997;25,132505099199999;35,334332630200002;25,132512753800000;35,334468105699997
146;147;Tertiary;Φ80;UPVC Pipe;32,129744872400003;25,132793719300000;35,334604970299999;25,132765732700001;35,334461999900000;25,132737746099998;35,334319029500001;25,132765732700001;35,334461999900000
147;148;Main;Φ200;Asbestos Cement pipe;27,762149385099999;25,134725362899999;35,334595297400000;25,134583705899999;35,334548617499998;25,134442048899999;35,334501937600002;25,134583705899999;35,334548617499998
148;149;Main;Φ150;Ductile iron pipe;23,959185894600001;25,134725362899999;35,334595297400000;25,134726291600000;35,334487324000001;25,134727220199998;35,334379350600003;25,134726291600000;35,334487324000001
149;150;Tertiary;Φ80;UPVC Pipe;48,877497558700000;25,134725362899999;35,334595297400000;25,134849788699999;35,334400041300000;25,134974214500001;35,334204785200001;25,134849788699999;35,334400041300000
150;151;Tertiary;Φ80;UPVC Pipe;65,459168920699994;25,134974214500001;35,334204785200001;25,135190884600000;35,333969196100000;25,135407554699999;35,333733606999999;25,135190884600000;35,333969196100000
151;152;Tertiary;Φ125;UPVC Pipe;4,646801717910000;25,132357581099999;35,334623741500003;25,132342642699999;35,334606750299997;25,132327704300000;35,334589759000004;25,132342642699999;35,334606750299997
152;153;Tertiary;Φ125;UPVC Pipe;23,547394789700000;25,132327704300000;35,334589759000004;25,132292992600000;35,334487521900002;25,132258280900000;35,334385284800000;25,132292992600000;35,334487521900002
153;154;Tertiary;Φ125;UPVC Pipe;19,407877218100001;25,132258280900000;35,334385284800000;25,132205835800001;35,334309106399999;25,132153390700001;35,334232927899997;25,132205835800001;35,334309106399999
154;155;Tertiary;Φ125;UPVC Pipe;4,859619055230000;25,132153390700001;35,334232927899997;25,132127934800000;35,334226256800001;25,132102478800000;35,334219585600003;25,132127934800000;35,334226256800001
155;156;Tertiary;Φ80;UPVC Pipe;14,971465399500000;25,132357581099999;35,334623741500003;25,132438994699999;35,334613661299997;25,132520408400001;35,334603581099998;25,132438994699999;35,334613661299997
156;157;Tertiary;Φ75;Ductile iron pipe;2,704256778220000;25,131306983399998;35,334653519400000;25,131301958400002;35,334642048900001;25,131296933400002;35,334630578400002;25,131301958400002;35,334642048900001
157;158;Tertiary;Φ75;Ductile iron pipe;10,537819574200000;25,131296933400002;35,334630578400002;25,131335274900000;35,334594966700003;25,131373616499999;35,334559354900001;25,131335274900000;35,334594966700003
158;159;Tertiary;Φ130;Ductile iron pipe;38,257253443800003;25,129372385000000;35,334594564100001;25,129574394300001;35,334642772000002;25,129776403699999;35,334690979999998;25,129574394300001;35,334642772000002
159;160;Tertiary;Φ75;UPVC Pipe;7,315676053960000;25,129776403699999;35,334690979999998;25,129799335400001;35,334663890100003;25,129822267100000;35,334636800200002;25,129799335400001;35,334663890100003
160;161;Tertiary;Φ75;UPVC Pipe;12,298703722699999;25,129822267100000;35,334636800200002;25,129846369399999;35,334585012399998;25,129870471600000;35,334533224600001;25,129846369399999;35,334585012399998
161;162;Tertiary;Φ75;UPVC Pipe;12,355906537599999;25,129870471600000;35,334533224600001;25,129888775400001;35,334479598700000;25,129907079199999;35,334425972799998;25,129888775400001;35,334479598700000
162;163;Tertiary;Φ75;UPVC Pipe;4,395117360260000;25,129907079199999;35,334425972799998;25,129902434400002;35,334406534599999;25,129897789600001;35,334387096400000;25,129902434400002;35,334406534599999
163;164;Secondary;Φ50;Ductile iron pipe;7,043002690520000;25,131743363700000;35,334697423700000;25,131742575099999;35,334665689799998;25,131741786500001;35,334633955900003;25,131742575099999;35,334665689799998
164;165;Secondary;Φ50;Ductile iron pipe;33,754678337800001;25,131741786500001;35,334633955900003;25,131737840900001;35,334481869100003;25,131733895400000;35,334329782300003;25,131737840900001;35,334481869100003
165;166;Secondary;Φ85;Ductile iron pipe;15,890300379499999;25,133330162099998;35,334687593699996;25,133338820900001;35,334616333800000;25,133347479800001;35,334545073900003;25,133338820900001;35,334616333800000
166;167;Secondary;Φ85;Ductile iron pipe;5,197515387610000;25,133347479800001;35,334545073900003;25,133357328999999;35,334523084799997;25,133367178299999;35,334501095699999;25,133357328999999;35,334523084799997
167;168;Secondary;Φ85;Ductile iron pipe;7,603949105550000;25,133248969899999;35,334704047199999;25,133289565999998;35,334695820400000;25,133330162099998;35,334687593699996;25,133289565999998;35,334695820400000
168;169;Tertiary;Φ200;UPVC Pipe;9,540834506540000;25,131352893599999;35,334730848299998;25,131329938499999;35,334692183900003;25,131306983399998;35,334653519400000;25,131329938499999;35,334692183900003
169;170;Tertiary;Φ80;UPVC Pipe;25,676057102900000;25,131352893599999;35,334730848299998;25,131493404899999;35,334719356500003;25,131633916100000;35,334707864800002;25,131493404899999;35,334719356500003
170;171;Tertiary;Φ80;UPVC Pipe;10,017620776899999;25,131633916100000;35,334707864800002;25,131688639899998;35,334702644200000;25,131743363700000;35,334697423700000;25,131688639899998;35,334702644200000
171;172;Tertiary;Φ125;UPVC Pipe;2,755503771950000;25,132482151000001;35,334721899100003;25,132468191299999;35,334717066400003;25,132454231699999;35,334712233700003;25,132468191299999;35,334717066400003
172;173;Tertiary;Φ125;UPVC Pipe;13,175832381999999;25,132454231699999;35,334712233700003;25,132405906399999;35,334667987600000;25,132357581099999;35,334623741500003;25,132405906399999;35,334667987600000
173;174;Tertiary;Φ125;UPVC Pipe;3,844354841280000;25,132482151000001;35,334721899100003;25,132498846800001;35,334711269600000;25,132515542499998;35,334700640100003;25,132498846800001;35,334711269600000
174;175;Tertiary;Φ125;UPVC Pipe;10,777468262599999;25,132515542499998;35,334700640100003;25,132517975399999;35,334652110599997;25,132520408400001;35,334603581099998;25,132517975399999;35,334652110599997
175;176;Tertiary;Φ80;UPVC Pipe;6,969492788950000;25,133367178299999;35,334501095699999;25,133328925400001;35,334503082499999;25,133290672499999;35,334505069300000;25,133328925400001;35,334503082499999
176;177;Tertiary;Φ80;UPVC Pipe;24,629961451600000;25,133290672499999;35,334505069300000;25,133155846299999;35,334515759699997;25,133021020200001;35,334526450100000;25,133155846299999;35,334515759699997
177;178;Tertiary;Φ80;UPVC Pipe;6,427753468480000;25,133021020200001;35,334526450100000;25,133029082899998;35,334554654400002;25,133037145700001;35,334582858600001;25,133029082899998;35,334554654400002
178;179;Tertiary;Φ80;UPVC Pipe;16,644436374200001;25,133037145700001;35,334582858600001;25,133054669000000;35,334656482299998;25,133072192400000;35,334730106000002;25,133054669000000;35,334656482299998
179;180;Tertiary;Φ155;Asbestos Cement pipe;16,329678518500000;25,133072192400000;35,334730106000002;25,133160581100000;35,334717076600000;25,133248969899999;35,334704047199999;25,133160581100000;35,334717076600000
180;181;Tertiary;Φ155;Asbestos Cement pipe;22,732128929999998;25,133072192400000;35,334730106000002;25,132949646400000;35,334750380999999;25,132827100400000;35,334770656099998;25,132949646400000;35,334750380999999
181;182;Tertiary;Φ155;Asbestos Cement pipe;6,932079643060000;25,132827100400000;35,334770656099998;25,132789495800001;35,334775795600002;25,132751891200002;35,334780935100000;25,132789495800001;35,334775795600002
182;183;Tertiary;Φ155;Asbestos Cement pipe;5,860389611240000;25,132751891200002;35,334780935100000;25,132719732000002;35,334779184500000;25,132687572799998;35,334777433900001;25,132719732000002;35,334779184500000
183;184;Tertiary;Φ155;Asbestos Cement pipe;5,519550800260000;25,132687572799998;35,334777433900001;25,132657459000001;35,334780567499998;25,132627345200000;35,334783701100001;25,132657459000001;35,334780567499998
184;185;Tertiary;Φ155;Asbestos Cement pipe;9,564793380579999;25,132627345200000;35,334783701100001;25,132614004499999;35,334742005000003;25,132600663700000;35,334700308899997;25,132614004499999;35,334742005000003
185;186;Tertiary;Φ155;Asbestos Cement pipe;11,037624077700000;25,132600663700000;35,334700308899997;25,132541407400002;35,334711104000000;25,132482151000001;35,334721899100003;25,132541407400002;35,334711104000000
186;187;Secondary;Φ85;Ductile iron pipe;13,171421523099999;25,133252311000000;35,334822733999999;25,133250640499998;35,334763390600003;25,133248969899999;35,334704047199999;25,133250640499998;35,334763390600003
187;188;Tertiary;Φ130;Ductile iron pipe;28,779355129700001;25,130013713400000;35,334862653199998;25,129895058500001;35,334776816599998;25,129776403699999;35,334690979999998;25,129895058500001;35,334776816599998
188;189;Tertiary;Φ80;UPVC Pipe;19,006509446100001;25,130013713400000;35,334862653199998;25,130073634399999;35,334792468099998;25,130133555400000;35,334722282999998;25,130073634399999;35,334792468099998
189;190;Tertiary;Φ80;UPVC Pipe;14,167204416700001;25,133134627600000;35,334862164999997;25,133117002900001;35,334799973000003;25,133099378099999;35,334737781100003;25,133117002900001;35,334799973000003
190;191;Tertiary;Φ80;UPVC Pipe;2,614165423410000;25,133099378099999;35,334737781100003;25,133085785300000;35,334733943499998;25,133072192400000;35,334730106000002;25,133085785300000;35,334733943499998
191;192;Tertiary;Φ100;UPVC Pipe;11,558991341200000;25,133252311000000;35,334822733999999;25,133193469300000;35,334842449500002;25,133134627600000;35,334862164999997;25,133193469300000;35,334842449500002
192;193;Tertiary;Φ80;UPVC Pipe;26,871887576300001;25,133737303499998;35,334869334200000;25,133607746799999;35,334811068100002;25,133478190100000;35,334752801999997;25,133607746799999;35,334811068100002
193;194;Tertiary;Φ80;UPVC Pipe;15,279284151100001;25,133478190100000;35,334752801999997;25,133404176100001;35,334720197899998;25,133330162099998;35,334687593699996;25,133404176100001;35,334720197899998
194;195;Tertiary;Φ80;UPVC Pipe;11,717291721800001;25,133737303499998;35,334869334200000;25,133761257500002;35,334820311999998;25,133785211500001;35,334771289899997;25,133761257500002;35,334820311999998
195;196;Tertiary;Φ80;UPVC Pipe;48,028450631600002;25,133785211500001;35,334771289899997;25,133899746499999;35,334576248799998;25,134014281399999;35,334381207699998;25,133899746499999;35,334576248799998
196;197;Secondary;Φ80;UPVC Pipe;14,524681253100001;25,135470593699999;35,334854313800001;25,135401238400000;35,334821836700002;25,135331882999999;35,334789359600002;25,135401238400000;35,334821836700002
197;198;Secondary;Φ80;UPVC Pipe;10,606175343100000;25,135331882999999;35,334789359600002;25,135277927699999;35,334771197400002;25,135223972399999;35,334753035100000;25,135277927699999;35,334771197400002
198;199;Secondary;Φ80;UPVC Pipe;9,454509098750000;25,135223972399999;35,334753035100000;25,135175875800002;35,334736845000002;25,135127779200001;35,334720654900003;25,135175875800002;35,334736845000002
199;200;Secondary;Φ80;UPVC Pipe;39,140031916200002;25,135127779200001;35,334720654900003;25,134926571099999;35,334657976199999;25,134725362899999;35,334595297400000;25,134926571099999;35,334657976199999
200;201;Secondary;Φ90;Asbestos Cement pipe;19,584869942200001;25,132154155700000;35,334906841799999;25,132126606400000;35,334821515100003;25,132099057100000;35,334736188500003;25,132126606400000;35,334821515100003
201;202;Secondary;Φ90;Asbestos Cement pipe;11,447469881000000;25,132099057100000;35,334736188500003;25,132095271299999;35,334684691900001;25,132091485499998;35,334633195300000;25,132095271299999;35,334684691900001
202;203;Secondary;Φ90;Asbestos Cement pipe;26,564859029600001;25,132091485499998;35,334633195300000;25,132075044600001;35,334514236799997;25,132058603800001;35,334395278300001;25,132075044600001;35,334514236799997
203;204;Secondary;Φ90;Asbestos Cement pipe;8,095524538570000;25,132058603800001;35,334395278300001;25,132054048800001;35,334358985900003;25,132049493800000;35,334322693499999;25,132054048800001;35,334358985900003
204;205;Tertiary;Φ155;Asbestos Cement pipe;3,419454276340000;25,132482151000001;35,334721899100003;25,132463876300001;35,334725535600001;25,132445601600001;35,334729172000003;25,132463876300001;35,334725535600001
205;206;Tertiary;Φ155;Asbestos Cement pipe;18,377210977099999;25,132445601600001;35,334729172000003;25,132346920000000;35,334747064200002;25,132248238500001;35,334764956500003;25,132346920000000;35,334747064200002
206;207;Tertiary;Φ155;Asbestos Cement pipe;0,094402449473800;25,132248238500001;35,334764956500003;25,132248150599999;35,334765375800004;25,132248062700000;35,334765795099997;25,132248150599999;35,334765375800004
207;208;Tertiary;Φ155;Asbestos Cement pipe;13,339022887400001;25,132248062700000;35,334765795099997;25,132262096200002;35,334824799400003;25,132276129699999;35,334883803799997;25,132262096200002;35,334824799400003
208;209;Tertiary;Φ155;Asbestos Cement pipe;6,211962162420000;25,132276129699999;35,334883803799997;25,132242816300000;35,334890010800002;25,132209502900000;35,334896217800001;25,132242816300000;35,334890010800002
209;210;Tertiary;Φ155;Asbestos Cement pipe;5,168080429260000;25,132209502900000;35,334896217800001;25,132181829299999;35,334901529800000;25,132154155700000;35,334906841799999;25,132181829299999;35,334901529800000
210;211;Tertiary;Φ75;UPVC Pipe;33,175034849399999;25,129565714400002;35,334935119599997;25,129671059000000;35,334813049799997;25,129776403699999;35,334690979999998;25,129671059000000;35,334813049799997
211;212;Secondary;Φ100;UPVC Pipe;33,071745157000002;25,130431307300000;35,334950559900001;25,130443250700001;35,334801838200001;25,130455194100001;35,334653116500000;25,130443250700001;35,334801838200001
212;213;Secondary;Φ100;UPVC Pipe;10,717240327700001;25,130455194100001;35,334653116500000;25,130463186899998;35,334605263599997;25,130471179699999;35,334557410800002;25,130463186899998;35,334605263599997
213;214;Secondary;Φ100;UPVC Pipe;12,321081395000000;25,130471179699999;35,334557410800002;25,130497019700002;35,334506079599997;25,130522859700001;35,334454748399999;25,130497019700002;35,334506079599997
214;215;Secondary;Φ100;UPVC Pipe;8,718501316899999;25,130522859700001;35,334454748399999;25,130543647900002;35,334419341800000;25,130564436099998;35,334383935200002;25,130543647900002;35,334419341800000
215;216;Main;Φ120;Ductile iron pipe;38,200323394900003;25,134574684499999;35,334916709100000;25,134650023700001;35,334756003199999;25,134725362899999;35,334595297400000;25,134650023700001;35,334756003199999
216;217;Tertiary;Φ80;UPVC Pipe;10,232563598600001;25,130843668899999;35,334958065599999;25,130850690799999;35,334912311300002;25,130857712800001;35,334866556900003;25,130850690799999;35,334912311300002
217;218;Tertiary;Φ80;UPVC Pipe;30,391624862299999;25,130431307300000;35,334950559900001;25,130598008900002;35,334960516700001;25,130764710400001;35,334970473399999;25,130598008900002;35,334960516700001
218;219;Tertiary;Φ80;UPVC Pipe;7,309279239500000;25,130764710400001;35,334970473399999;25,130804189700001;35,334964269499999;25,130843668899999;35,334958065599999;25,130804189700001;35,334964269499999
219;220;Tertiary;Φ80;UPVC Pipe;12,366867171199999;25,130924545599999;35,334964185600001;25,130992271099998;35,334969310399998;25,131059996600001;35,334974435200003;25,130992271099998;35,334969310399998
220;221;Tertiary;Φ75;Ductile iron pipe;28,280999011799999;25,131059996600001;35,334974435200003;25,131059447300000;35,334846982899997;25,131058898100001;35,334719530599997;25,131059447300000;35,334846982899997
221;222;Tertiary;Φ75;Ductile iron pipe;23,713911438499998;25,131058898100001;35,334719530599997;25,131182940700000;35,334686525000002;25,131306983399998;35,334653519400000;25,131182940700000;35,334686525000002
222;223;Tertiary;Φ150;Ductile iron pipe;56,437788312999999;25,134442048899999;35,334501937600002;25,134335573200001;35,334740850400003;25,134229097599999;35,334979763200003;25,134335573200001;35,334740850400003
223;224;Tertiary;Φ130;Ductile iron pipe;10,110986605500001;25,130208657299999;35,335022588699999;25,130178101799999;35,334984517599999;25,130147546300002;35,334946446399996;25,130178101799999;35,334984517599999
224;225;Tertiary;Φ130;Ductile iron pipe;15,312462238800000;25,130147546300002;35,334946446399996;25,130080629799998;35,334904549800001;25,130013713400000;35,334862653199998;25,130080629799998;35,334904549800001
225;226;Tertiary;Φ80;UPVC Pipe;21,762482172100000;25,130208657299999;35,335022588699999;25,130319982300001;35,334986574299997;25,130431307300000;35,334950559900001;25,130319982300001;35,334986574299997
226;227;Tertiary;Φ80;UPVC Pipe;17,711939623300001;25,134041589300001;35,335015918200000;25,133957295100000;35,334975915000001;25,133873000900000;35,334935911700001;25,133957295100000;35,334975915000001
227;228;Tertiary;Φ80;UPVC Pipe;14,379154658299999;25,133873000900000;35,334935911700001;25,133805152200001;35,334902622900003;25,133737303499998;35,334869334200000;25,133805152200001;35,334902622900003
228;229;Tertiary;Φ150;Ductile iron pipe;13,999368319700000;25,134229097599999;35,334979763200003;25,134159296100002;35,335006385800000;25,134089494600001;35,335033008300002;25,134159296100002;35,335006385800000
229;230;Tertiary;Φ150;Ductile iron pipe;4,750130379470000;25,134089494600001;35,335033008300002;25,134065541999998;35,335024463300002;25,134041589300001;35,335015918200000;25,134065541999998;35,335024463300002
230;231;Tertiary;Φ80;UPVC Pipe;28,630052100099999;25,134229097599999;35,334979763200003;25,134379184699998;35,335018772700003;25,134529271700000;35,335057782200003;25,134379184699998;35,335018772700003
231;232;Main;Φ120;Ductile iron pipe;16,186986712300001;25,134529271700000;35,335057782200003;25,134551978099999;35,334987245599997;25,134574684499999;35,334916709100000;25,134551978099999;35,334987245599997
232;233;Tertiary;Φ80;UPVC Pipe;50,916326351300000;25,134574684499999;35,334916709100000;25,134840639400000;35,334988525400000;25,135106594300002;35,335060341800002;25,134840639400000;35,334988525400000
233;234;Tertiary;Φ80;UPVC Pipe;35,197627707199999;25,129851498800001;35,335150710599997;25,129932606099999;35,335006681899998;25,130013713400000;35,334862653199998;25,129932606099999;35,335006681899998
234;235;Tertiary;Φ125;UPVC Pipe;31,274836389400001;25,132706716900000;35,335130626999998;25,132631293199999;35,335003955500000;25,132555869499999;35,334877284000001;25,132631293199999;35,335003955500000
235;236;Tertiary;Φ125;UPVC Pipe;18,496389953100000;25,132555869499999;35,334877284000001;25,132519010199999;35,334799591600003;25,132482151000001;35,334721899100003;25,132519010199999;35,334799591600003
236;237;Tertiary;Φ100;UPVC Pipe;22,472849885700001;25,133134627600000;35,334862164999997;25,133028746699999;35,334914407299998;25,132922865699999;35,334966649599998;25,133028746699999;35,334914407299998
237;238;Tertiary;Φ100;UPVC Pipe;5,502043651200000;25,132922865699999;35,334966649599998;25,132927808600002;35,334991112399997;25,132932751500000;35,335015575200003;25,132927808600002;35,334991112399997
238;239;Tertiary;Φ100;UPVC Pipe;5,127055841330000;25,132932751500000;35,335015575200003;25,132906802699999;35,335024616600002;25,132880853900001;35,335033657899999;25,132906802699999;35,335024616600002
239;240;Tertiary;Φ100;UPVC Pipe;17,505377859199999;25,132880853900001;35,335033657899999;25,132789954200000;35,335059647300000;25,132699054500002;35,335085636599999;25,132789954200000;35,335059647300000
240;241;Tertiary;Φ100;UPVC Pipe;5,039904812040000;25,132699054500002;35,335085636599999;25,132702885699999;35,335108131799998;25,132706716900000;35,335130626999998;25,132702885699999;35,335108131799998
241;242;Tertiary;Φ80;UPVC Pipe;17,132726816600002;25,130764710400001;35,334970473399999;25,130772745800002;35,335047403600001;25,130780781199999;35,335124333899998;25,130772745800002;35,335047403600001
242;243;Tertiary;Φ80;UPVC Pipe;5,382359362160000;25,130780781199999;35,335124333899998;25,130804753700001;35,335138563699999;25,130828726200001;35,335152793600002;25,130804753700001;35,335138563699999
243;244;Tertiary;Φ80;UPVC Pipe;19,271363265700000;25,130828726200001;35,335152793600002;25,130934641700001;35,335155968400002;25,131040557199999;35,335159143299997;25,130934641700001;35,335155968400002
244;245;Tertiary;Φ75;Ductile iron pipe;10,449282841200001;25,131040557199999;35,335159143299997;25,131050610500001;35,335112778000003;25,131060663800000;35,335066412800003;25,131050610500001;35,335112778000003
245;246;Tertiary;Φ75;Ductile iron pipe;8,950171148630000;25,131060663800000;35,335066412800003;25,131060354599999;35,335026078100000;25,131060045400002;35,334985743499999;25,131060354599999;35,335026078100000
246;247;Tertiary;Φ80;UPVC Pipe;1,254627702250000;25,131060045400002;35,334985743499999;25,131060021000000;35,334980089299997;25,131059996600001;35,334974435200003;25,131060021000000;35,334980089299997
247;248;Secondary;Φ90;Asbestos Cement pipe;19,104543724700001;25,132233582400001;35,335179070300001;25,132210034800000;35,335095162499996;25,132186487199998;35,335011254800001;25,132210034800000;35,335095162499996
248;249;Secondary;Φ90;Asbestos Cement pipe;11,951395419500001;25,132186487199998;35,335011254800001;25,132170321499999;35,334959048300000;25,132154155700000;35,334906841799999;25,132170321499999;35,334959048300000
249;250;Secondary;Φ85;Ductile iron pipe;14,923635203900000;25,133308395400000;35,335187251699999;25,133316399500000;35,335120316400001;25,133324403600000;35,335053381100003;25,133316399500000;35,335120316400001
250;251;Secondary;Φ85;Ductile iron pipe;15,592699923500000;25,133324403600000;35,335053381100003;25,133301218600000;35,334985727000003;25,133278033700002;35,334918072900003;25,133301218600000;35,334985727000003
251;252;Secondary;Φ85;Ductile iron pipe;10,832966018400001;25,133278033700002;35,334918072900003;25,133265172400002;35,334870403499998;25,133252311000000;35,334822733999999;25,133265172400002;35,334870403499998
252;253;Secondary;Φ50;Ductile iron pipe;40,883481590800002;25,131751090600002;35,335209211600002;25,131747076600000;35,335024992699999;25,131743062599998;35,334840773800003;25,131747076600000;35,335024992699999
253;254;Secondary;Φ50;Ductile iron pipe;15,904252164300001;25,131743062599998;35,334840773800003;25,131743213200000;35,334769098700001;25,131743363700000;35,334697423700000;25,131743213200000;35,334769098700001
254;255;Tertiary;Φ200;UPVC Pipe;43,992703681400002;25,132233582400001;35,335179070300001;25,131992336500002;35,335194140900001;25,131751090600002;35,335209211600002;25,131992336500002;35,335194140900001
255;256;Tertiary;Φ80;UPVC Pipe;48,490189801299998;25,134529271700000;35,335057782200003;25,134783333900000;35,335124206800003;25,135037396100000;35,335190631400003;25,134783333900000;35,335124206800003
256;257;Tertiary;Φ200;UPVC Pipe;46,047204198800003;25,131420300399999;35,335224637899998;25,131401285700001;35,335017704199998;25,131382271000000;35,334810770600001;25,131401285700001;35,335017704199998
257;258;Tertiary;Φ200;UPVC Pipe;9,260618607110001;25,131382271000000;35,334810770600001;25,131367582300001;35,334770809399998;25,131352893599999;35,334730848299998;25,131367582300001;35,334770809399998
258;259;Tertiary;Φ200;UPVC Pipe;30,122230937800001;25,131751090600002;35,335209211600002;25,131585695500000;35,335216924699999;25,131420300399999;35,335224637899998;25,131585695500000;35,335216924699999
259;260;Tertiary;Φ75;Ductile iron pipe;9,360126611009999;25,131026308199999;35,335242697399998;25,131033432700001;35,335200920299997;25,131040557199999;35,335159143299997;25,131033432700001;35,335200920299997
260;261;Tertiary;Φ200;UPVC Pipe;35,875512819199997;25,131420300399999;35,335224637899998;25,131223304300001;35,335233667600001;25,131026308199999;35,335242697399998;25,131223304300001;35,335233667600001
261;262;Tertiary;Φ125;UPVC Pipe;13,296301845200000;25,132773886999999;35,335237083400003;25,132740301900000;35,335183855200000;25,132706716900000;35,335130626999998;25,132740301900000;35,335183855200000
262;263;Tertiary;Φ80;UPVC Pipe;34,210090344299999;25,133308395400000;35,335187251699999;25,133121222400000;35,335202900200002;25,132934049399999;35,335218548699999;25,133121222400000;35,335202900200002
263;264;Tertiary;Φ80;UPVC Pipe;14,705541925500000;25,132934049399999;35,335218548699999;25,132853968199999;35,335227816000000;25,132773886999999;35,335237083400003;25,132853968199999;35,335227816000000
264;265;Tertiary;Φ130;Ductile iron pipe;30,973098674199999;25,130377850199999;35,335264899099997;25,130293253700000;35,335143743899998;25,130208657299999;35,335022588699999;25,130293253700000;35,335143743899998
265;266;Secondary;Φ100;UPVC Pipe;9,518537085240000;25,130377850199999;35,335264899099997;25,130389024999999;35,335222990900000;25,130400199800000;35,335181082799998;25,130389024999999;35,335222990900000
266;267;Secondary;Φ100;UPVC Pipe;25,731650064499998;25,130400199800000;35,335181082799998;25,130415753600001;35,335065821400001;25,130431307300000;35,334950559900001;25,130415753600001;35,335065821400001
267;268;Secondary;Φ90;Asbestos Cement pipe;11,744959024100000;25,132275390400000;35,335317845699997;25,132260960800000;35,335266252700002;25,132246531100002;35,335214659700000;25,132260960800000;35,335266252700002
268;269;Secondary;Φ90;Asbestos Cement pipe;4,120285558870000;25,132246531100002;35,335214659700000;25,132240056800001;35,335196865000000;25,132233582400001;35,335179070300001;25,132240056800001;35,335196865000000
269;270;Tertiary;Φ100;UPVC Pipe;5,140061553240000;25,132706716900000;35,335130626999998;25,132682271800000;35,335142260600001;25,132657826700001;35,335153894299999;25,132682271800000;35,335142260600001
270;271;Tertiary;Φ100;UPVC Pipe;23,142532671100000;25,132657826700001;35,335153894299999;25,132546172600001;35,335203958699999;25,132434518400000;35,335254022999997;25,132546172600001;35,335203958699999
271;272;Tertiary;Φ100;UPVC Pipe;16,106943187700001;25,132434518400000;35,335254022999997;25,132354954400000;35,335285934399998;25,132275390400000;35,335317845699997;25,132354954400000;35,335285934399998
272;273;Tertiary;Φ150;Ductile iron pipe;52,317229678200000;25,133896327700000;35,335387854399997;25,133630610000001;35,335297411600003;25,133364892399999;35,335206968900003;25,133630610000001;35,335297411600003
273;274;Tertiary;Φ150;Ductile iron pipe;5,582820740270000;25,133364892399999;35,335206968900003;25,133336643900002;35,335197110300001;25,133308395400000;35,335187251699999;25,133336643900002;35,335197110300001
274;275;Tertiary;Φ150;Ductile iron pipe;3,451807210580000;25,134041589300001;35,335015918200000;25,134029545800001;35,335027943100002;25,134017502399999;35,335039968099998;25,134029545800001;35,335027943100002
275;276;Tertiary;Φ150;Ductile iron pipe;11,800404030999999;25,134017502399999;35,335039968099998;25,133980534399999;35,335083677199997;25,133943566300001;35,335127386300002;25,133980534399999;35,335083677199997
276;277;Tertiary;Φ150;Ductile iron pipe;29,215464132600001;25,133943566300001;35,335127386300002;25,133919946999999;35,335257620400000;25,133896327700000;35,335387854399997;25,133919946999999;35,335257620400000
277;278;Tertiary;Φ75;Ductile iron pipe;33,198262222499999;25,131050672800001;35,335654140300001;25,131027785099999;35,335505707000003;25,131004897400000;35,335357273600003;25,131027785099999;35,335505707000003
278;279;Tertiary;Φ75;Ductile iron pipe;12,860033691000000;25,131004897400000;35,335357273600003;25,131015602800002;35,335299985500001;25,131026308199999;35,335242697399998;25,131015602800002;35,335299985500001
279;280;Secondary;Φ90;Asbestos Cement pipe;9,421091565570000;25,132382357699999;35,335664685200001;25,132367831900002;35,335623930099999;25,132353306100001;35,335583174999996;25,132367831900002;35,335623930099999
280;281;Secondary;Φ90;Asbestos Cement pipe;30,277700567200000;25,132353306100001;35,335583174999996;25,132314348200001;35,335450510299999;25,132275390400000;35,335317845699997;25,132314348200001;35,335450510299999
281;282;Secondary;Φ50;Ductile iron pipe;54,857343107500000;25,131753046800000;35,335703656600003;25,131752068699999;35,335456434100003;25,131751090600002;35,335209211600002;25,131752068699999;35,335456434100003
282;283;Tertiary;Φ150;Ductile iron pipe;6,069600936540000;25,134314899400000;35,335728894399999;25,134304095000001;35,335703013100002;25,134293290599999;35,335677131899999;25,134304095000001;35,335703013100002
283;284;Tertiary;Φ150;Ductile iron pipe;13,142672959100000;25,134293290599999;35,335677131899999;25,134224031399999;35,335660185400002;25,134154772100000;35,335643238999999;25,134224031399999;35,335660185400002
284;285;Tertiary;Φ150;Ductile iron pipe;22,539321679299999;25,134154772100000;35,335643238999999;25,134076975700001;35,335564157000000;25,133999179300002;35,335485075000001;25,134076975700001;35,335564157000000
285;286;Tertiary;Φ150;Ductile iron pipe;14,275128641000000;25,133999179300002;35,335485075000001;25,133947753499999;35,335436464700003;25,133896327700000;35,335387854399997;25,133947753499999;35,335436464700003
286;287;Main;Φ120;Ductile iron pipe;76,966156809599994;25,134314899400000;35,335728894399999;25,134422085600001;35,335393338300001;25,134529271700000;35,335057782200003;25,134422085600001;35,335393338300001
287;288;Tertiary;Φ125;UPVC Pipe;8,635744900300001;25,132829246600000;35,335883390200003;25,132821331399999;35,335845016100002;25,132813416200001;35,335806641900000;25,132821331399999;35,335845016100002
288;289;Tertiary;Φ125;UPVC Pipe;25,130103348500000;25,132813416200001;35,335806641900000;25,132818739200001;35,335693472899997;25,132824062099999;35,335580303900002;25,132818739200001;35,335693472899997
289;290;Tertiary;Φ125;UPVC Pipe;23,803119794400001;25,132824062099999;35,335580303900002;25,132829159500002;35,335473112499997;25,132834256799999;35,335365921099999;25,132829159500002;35,335473112499997
290;291;Tertiary;Φ125;UPVC Pipe;8,282238520909999;25,132834256799999;35,335365921099999;25,132818910800001;35,335330777999999;25,132803564700001;35,335295634799998;25,132818910800001;35,335330777999999
291;292;Tertiary;Φ125;UPVC Pipe;7,034135371120000;25,132803564700001;35,335295634799998;25,132788725899999;35,335266359099997;25,132773886999999;35,335237083400003;25,132788725899999;35,335266359099997
292;293;Secondary;Φ85;Ductile iron pipe;7,274696324050000;25,133172081200001;35,336075138100000;25,133175362700001;35,336042463900000;25,133178644200001;35,336009789800002;25,133175362700001;35,336042463900000
293;294;Secondary;Φ85;Ductile iron pipe;33,839144079999997;25,133178644200001;35,336009789800002;25,133179545899999;35,335857289800003;25,133180447699999;35,335704789799998;25,133179545899999;35,335857289800003
294;295;Secondary;Φ85;Ductile iron pipe;19,880670676000001;25,133180447699999;35,335704789799998;25,133191306899999;35,335615637300002;25,133202166200000;35,335526484699997;25,133191306899999;35,335615637300002
295;296;Secondary;Φ85;Ductile iron pipe;38,856147933499997;25,133202166200000;35,335526484699997;25,133255280800000;35,335356868200002;25,133308395400000;35,335187251699999;25,133255280800000;35,335356868200002